- type: moveit_joint
  params:
    position: [0.196917,-0.00699095,-0.436885,-1.9714,-0.0589149,1.97426,1.23981]
    acc: 0.1
    vel: 0.1

- type: moveit_joint
  params:
    position: [-1.067825, 0.456128, -0.490990, -1.813424, 0.205144, 2.208331, 0.771246]
    acc: 0.1
    vel: 0.1
