- type: moveit_joint
  params:
    position: [2.72292,-0.610074,0.177729,-1.66981,0.141906,1.08599,0.620167]
    acc: 0.1
    vel: 0.1

- type: moveit_joint
  params:
    position: [2.38965,-1.0592,0.61873,-2.38399,0.559612,1.43762,0.481687]
    acc: 0.1
    vel: 0.1
