- type: moveit_joint
  params:
    position: [-0.000112,-0.784825,-0.000260240,-2.3567,-0.000225292,1.57111,0.784684]
    acc: 0.1
    vel: 0.1

- type: moveit_joint
  params:
    position: [0.1,-0.784714,-0.000123644,-2.3558,-0.000510225,1.57098,0.785892]
    acc: 0.1
    vel: 0.1
