- type: moveit_joint
  params:
    position: [-0.080575, 0.837780, -0.068123, -0.978679, 0.126322, 1.794363, 0.704246]
    acc: 0.1
    vel: 0.1
